function mpc = SimBench_Urban6
%% MATPOWER Case Format : Version 2
mpc.version = '2';

%%-----  Power Flow Data  -----%%
%% system MVA base
mpc.baseMVA = 0.63;

%% bus data
%	bus_i	type	Pd	Qd	Gs	Bs	area	Vm	Va	baseKV	zone	Vmax	Vmin
mpc.bus = [  %% (Pd and Qd are specified in kW & kVAr here and then converted to MW)
1 1 0.001 0 0 0 1 1 0 0.4 1 1 0.9;
2 1 0.001 0 0 0 1 1 0 0.4 1 1 0.9;
3 1 0.001 0 0 0 1 1 0 0.4 1 1 0.9;
4 1 0.001 0 0 0 1 1 0 0.4 1 1 0.9;
5 1 0.001 0 0 0 1 1 0 0.4 1 1 0.9;
6 1 0.001 0 0 0 1 1 0 0.4 1 1 0.9;
7 1 0.001 0 0 0 1 1 0 0.4 1 1 0.9;
8 1 0.001 0 0 0 1 1 0 0.4 1 1 0.9;
9 1 0.001 0 0 0 1 1 0 0.4 1 1 0.9;
11 1 0.001 0 0 0 1 1 0 0.4 1 1 0.9;
12 1 0.001 0 0 0 1 1 0 0.4 1 1 0.9;
13 1 0.001 0 0 0 1 1 0 0.4 1 1 0.9;
14 1 0.001 0 0 0 1 1 0 0.4 1 1 0.9;
15 1 0.001 0 0 0 1 1 0 0.4 1 1 0.9;
16 1 0.001 0 0 0 1 1 0 0.4 1 1 0.9;
17 1 0.001 0 0 0 1 1 0 0.4 1 1 0.9;
18 1 0.001 0 0 0 1 1 0 0.4 1 1 0.9;
19 1 0.001 0 0 0 1 1 0 0.4 1 1 0.9;
20 1 0.001 0 0 0 1 1 0 0.4 1 1 0.9;
21 1 0.001 0 0 0 1 1 0 0.4 1 1 0.9;
22 1 0.001 0 0 0 1 1 0 0.4 1 1 0.9;
23 1 0.001 0 0 0 1 1 0 0.4 1 1 0.9;
24 1 0.001 0 0 0 1 1 0 0.4 1 1 0.9;
25 1 0.001 0 0 0 1 1 0 0.4 1 1 0.9;
26 1 0.001 0 0 0 1 1 0 0.4 1 1 0.9;
27 1 0.001 0 0 0 1 1 0 0.4 1 1 0.9;
28 1 0.001 0 0 0 1 1 0 0.4 1 1 0.9;
29 1 0.001 0 0 0 1 1 0 0.4 1 1 0.9;
30 1 0.001 0 0 0 1 1 0 0.4 1 1 0.9;
31 1 0.001 0 0 0 1 1 0 0.4 1 1 0.9;
32 1 0.001 0 0 0 1 1 0 0.4 1 1 0.9;
33 1 0.001 0 0 0 1 1 0 0.4 1 1 0.9;
34 1 0.001 0 0 0 1 1 0 0.4 1 1 0.9;
35 1 0.001 0 0 0 1 1 0 0.4 1 1 0.9;
36 1 0.001 0 0 0 1 1 0 0.4 1 1 0.9;
37 1 0.001 0 0 0 1 1 0 0.4 1 1 0.9;
38 1 0.001 0 0 0 1 1 0 0.4 1 1 0.9;
39 1 0.001 0 0 0 1 1 0 0.4 1 1 0.9;
40 1 0.001 0 0 0 1 1 0 0.4 1 1 0.9;
41 1 0.001 0 0 0 1 1 0 0.4 1 1 0.9;
42 1 0.001 0 0 0 1 1 0 0.4 1 1 0.9;
43 1 0.001 0 0 0 1 1 0 0.4 1 1 0.9;
44 1 0.001 0 0 0 1 1 0 0.4 1 1 0.9;
45 1 0.001 0 0 0 1 1 0 0.4 1 1 0.9;
46 1 0.001 0 0 0 1 1 0 0.4 1 1 0.9;
47 1 0.001 0 0 0 1 1 0 0.4 1 1 0.9;
48 1 0.001 0 0 0 1 1 0 0.4 1 1 0.9;
49 1 0.001 0 0 0 1 1 0 0.4 1 1 0.9;
50 1 0.001 0 0 0 1 1 0 0.4 1 1 0.9;
51 1 0.001 0 0 0 1 1 0 0.4 1 1 0.9;
52 1 0.001 0 0 0 1 1 0 0.4 1 1 0.9;
53 1 0.001 0 0 0 1 1 0 0.4 1 1 0.9;
54 1 0.001 0 0 0 1 1 0 0.4 1 1 0.9;
55 1 0.001 0 0 0 1 1 0 0.4 1 1 0.9;
56 1 0.001 0 0 0 1 1 0 0.4 1 1 0.9;
57 1 0.001 0 0 0 1 1 0 0.4 1 1 0.9;
58 1 0.001 0 0 0 1 1 0 0.4 1 1 0.9;
59 1 0.001 0 0 0 1 1 0 0.4 1 1 0.9;
60 3 0 0 0 0 1 1 0 20 1 1 0.9;


];

%% generator data
%	bus	Pg	Qg	Qmax	Qmin	Vg	mBase	status	Pmax	Pmin	Pc1	Pc2	Qc1min	Qc1max	Qc2min	Qc2max	ramp_agc	ramp_10	ramp_30	ramp_q	apf
mpc.gen = [
1 0 0 0 0 1 100 1 0 0 0 0 0 0 0 0 0 0 0 0 0;
2 0 0 0 0 1 100 1 0 0 0 0 0 0 0 0 0 0 0 0 0;
3 0 0 0 0 1 100 1 0 0 0 0 0 0 0 0 0 0 0 0 0;
4 0 0 0 0 1 100 1 0 0 0 0 0 0 0 0 0 0 0 0 0;
5 0 0 0 0 1 100 1 0 0 0 0 0 0 0 0 0 0 0 0 0;
6 0 0 0 0 1 100 1 0 0 0 0 0 0 0 0 0 0 0 0 0;
7 0 0 0 0 1 100 1 0 0 0 0 0 0 0 0 0 0 0 0 0;
8 0 0 0 0 1 100 1 0 0 0 0 0 0 0 0 0 0 0 0 0;
9 0 0 0 0 1 100 1 0 0 0 0 0 0 0 0 0 0 0 0 0;
11 0 0 0 0 1 100 1 0 0 0 0 0 0 0 0 0 0 0 0 0;
12 0 0 0 0 1 100 1 0 0 0 0 0 0 0 0 0 0 0 0 0;
13 0 0 0 0 1 100 1 0 0 0 0 0 0 0 0 0 0 0 0 0;
14 0 0 0 0 1 100 1 0 0 0 0 0 0 0 0 0 0 0 0 0;
15 0 0 0 0 1 100 1 0 0 0 0 0 0 0 0 0 0 0 0 0;
16 0 0 0 0 1 100 1 0 0 0 0 0 0 0 0 0 0 0 0 0;
17 0 0 0 0 1 100 1 0 0 0 0 0 0 0 0 0 0 0 0 0;
18 0 0 0 0 1 100 1 0 0 0 0 0 0 0 0 0 0 0 0 0;
19 0 0 0 0 1 100 1 0 0 0 0 0 0 0 0 0 0 0 0 0;
20 0 0 0 0 1 100 1 0 0 0 0 0 0 0 0 0 0 0 0 0;
21 0 0 0 0 1 100 1 0 0 0 0 0 0 0 0 0 0 0 0 0;
22 0 0 0 0 1 100 1 0 0 0 0 0 0 0 0 0 0 0 0 0;
23 0 0 0 0 1 100 1 0 0 0 0 0 0 0 0 0 0 0 0 0;
24 0 0 0 0 1 100 1 0 0 0 0 0 0 0 0 0 0 0 0 0;
25 0 0 0 0 1 100 1 0 0 0 0 0 0 0 0 0 0 0 0 0;
26 0 0 0 0 1 100 1 0 0 0 0 0 0 0 0 0 0 0 0 0;
27 0 0 0 0 1 100 1 0 0 0 0 0 0 0 0 0 0 0 0 0;
28 0 0 0 0 1 100 1 0 0 0 0 0 0 0 0 0 0 0 0 0;
29 0 0 0 0 1 100 1 0 0 0 0 0 0 0 0 0 0 0 0 0;
30 0 0 0 0 1 100 1 0 0 0 0 0 0 0 0 0 0 0 0 0;
31 0 0 0 0 1 100 1 0 0 0 0 0 0 0 0 0 0 0 0 0;
32 0 0 0 0 1 100 1 0 0 0 0 0 0 0 0 0 0 0 0 0;
33 0 0 0 0 1 100 1 0 0 0 0 0 0 0 0 0 0 0 0 0;
34 0 0 0 0 1 100 1 0 0 0 0 0 0 0 0 0 0 0 0 0;
35 0 0 0 0 1 100 1 0 0 0 0 0 0 0 0 0 0 0 0 0;
36 0 0 0 0 1 100 1 0 0 0 0 0 0 0 0 0 0 0 0 0;
37 0 0 0 0 1 100 1 0 0 0 0 0 0 0 0 0 0 0 0 0;
38 0 0 0 0 1 100 1 0 0 0 0 0 0 0 0 0 0 0 0 0;
39 0 0 0 0 1 100 1 0 0 0 0 0 0 0 0 0 0 0 0 0;
40 0 0 0 0 1 100 1 0 0 0 0 0 0 0 0 0 0 0 0 0;
41 0 0 0 0 1 100 1 0 0 0 0 0 0 0 0 0 0 0 0 0;
42 0 0 0 0 1 100 1 0 0 0 0 0 0 0 0 0 0 0 0 0;
43 0 0 0 0 1 100 1 0 0 0 0 0 0 0 0 0 0 0 0 0;
44 0 0 0 0 1 100 1 0 0 0 0 0 0 0 0 0 0 0 0 0;
45 0 0 0 0 1 100 1 0 0 0 0 0 0 0 0 0 0 0 0 0;
46 0 0 0 0 1 100 1 0 0 0 0 0 0 0 0 0 0 0 0 0;
47 0 0 0 0 1 100 1 0 0 0 0 0 0 0 0 0 0 0 0 0;
48 0 0 0 0 1 100 1 0 0 0 0 0 0 0 0 0 0 0 0 0;
49 0 0 0 0 1 100 1 0 0 0 0 0 0 0 0 0 0 0 0 0;
50 0 0 0 0 1 100 1 0 0 0 0 0 0 0 0 0 0 0 0 0;
51 0 0 0 0 1 100 1 0 0 0 0 0 0 0 0 0 0 0 0 0;
52 0 0 0 0 1 100 1 0 0 0 0 0 0 0 0 0 0 0 0 0;
53 0 0 0 0 1 100 1 0 0 0 0 0 0 0 0 0 0 0 0 0;
54 0 0 0 0 1 100 1 0 0 0 0 0 0 0 0 0 0 0 0 0;
55 0 0 0 0 1 100 1 0 0 0 0 0 0 0 0 0 0 0 0 0;
56 0 0 0 0 1 100 1 0 0 0 0 0 0 0 0 0 0 0 0 0;
57 0 0 0 0 1 100 1 0 0 0 0 0 0 0 0 0 0 0 0 0;
58 0 0 0 0 1 100 1 0 0 0 0 0 0 0 0 0 0 0 0 0;
59 0 0 0 0 1 100 1 0 0 0 0 0 0 0 0 0 0 0 0 0;
60 0.63 0 0 0 1 100 1 0.63 0 0 0 0 0 0 0 0 0 0 0 0;
];

%% branch data
%	fbus	tbus	r	x	b	rateA	rateB	rateC	ratio	angle	status	angmin	angmax
